1 -1.04774e-06 7.58003e-07 0.218821 1.00002
2 -1.79477e-06 1.45054e-06 0.227552 1.00002
3 -2.96709e-06 3.01363e-06 0.235902 1.00002
4 -2.90283e-06 2.71759e-06 0.243924 1.00002
5 -2.91509e-06 3.06249e-06 0.251789 1.00002
6 8.67203e-06 2.81281e-07 0.2594 1.00002
7 1.06267e-05 -1.18659e-05 0.26677 1.00002
8 1.97322e-05 -4.78356e-06 0.273848 1.00002
9 2.28241e-05 -1.70399e-05 0.280729 1.00002
10 2.45389e-05 -7.33437e-06 0.287315 1.00002
11 2.74152e-05 -1.09315e-05 0.293863 1.00002
12 3.15802e-05 -7.26477e-06 0.300341 1.00002
13 2.82581e-05 -7.28914e-06 0.30667 1.00002
14 2.80378e-05 -6.77547e-06 0.312848 1.00001
15 2.66973e-05 -8.76293e-06 0.318886 1.00001
16 2.6602e-05 -2.51193e-06 0.32473 1.00001
17 3.18728e-05 -5.55449e-06 0.330417 1.00001
18 2.54362e-05 -2.7941e-06 0.335999 1.00001
19 3.10898e-05 -9.82331e-06 0.341472 1.00001
20 3.05939e-05 -3.37962e-06 0.346761 1.00001
